DU=/opt/xwinnmr, USER=mcmahola, NAME=glycerol-10mm, EXPNO=1, PROCNO=1
F1=9.707ppm, F2=0.140ppm, MI=0.00cm, MAXI=10000.00cm, PC=1.000
     #     ADDRESS            FREQUENCY         INTENSITY
                           [Hz]        [PPM]
     1      9548.4     1371.589       3.8087         0.68
     2      9565.5     1367.098       3.7962         1.51
     3      9573.5     1364.989       3.7904         1.67
     4      9589.7     1360.711       3.7785         3.55
     5      9597.9     1358.549       3.7725         1.50
     6      9606.9     1356.193       3.7659         2.19
     7      9614.5     1354.203       3.7604         2.19
     8      9630.9     1349.868       3.7484         1.30
     9      9737.6     1321.800       3.6704         6.14
    10      9754.2     1317.445       3.6583         5.05
    11      9782.2     1310.079       3.6379        12.50
    12      9798.8     1305.712       3.6258         9.87
    13      9864.5     1288.430       3.5778        11.83
    14      9889.3     1281.899       3.5596         9.81
    15      9909.1     1276.692       3.5452         6.11
    16      9933.8     1270.180       3.5271         5.04
